   0.0000000000000000        0.0000000000000000        1.0000000000000000     
 -0.67738371893261218       0.70886426880573061       0.19662844738311122     
 -0.61471831926069653       0.66977797595318556       0.41655594029463977     
  0.32584278376370068       0.69401637715855546       0.64200291917517527     
 -0.99145448921212020      -0.11556832384632282        6.0514115749530140E-002
 -0.83322287293829922       0.47178937882733962       0.28836509240349972     
  0.13797635575904241      -0.24562527907423595       0.95949504822715603     
 -0.74703138866475260        9.6338649757902517E-002  0.65777121326496757     
 -0.90444965101682928      -0.15514549074643399       0.39736721720052937     
 -0.79925243509826838       0.56577107570996188       0.20272798383587601     
 -0.61243121229511377      -0.34062774277538660       0.71337279931633657     
  0.21115996612309831       0.97050380656577950      -0.11633499000153683     
  0.12899458900616492       0.94550531683626848       0.29896503423134607     
  0.78449766865752468      -0.52624857812928660       0.32806377793132790     
 -0.66930439429712618       0.44549023990501946      -0.59461758659414321     
 -0.82232975477576409       -3.1804326342177607E-002  0.56812169400973589     
 -0.81638546839566195      -0.56492919554796384      -0.11987397736072175     
 -0.62932952275875642       0.73174092613405672       0.26172422387984973     
  0.81190008961111060      -0.34713455723646519       0.46937814606662837     
 -0.17864725007008811      -0.98009670638170610        8.6577167711241743E-002
   8.7419880028620459E-002  0.86485298075859285      -0.49435522264530141     
 -0.84601664933607368      -0.24549099476457228      -0.47327581840058941     
 -0.69412672505794681       0.48809303519534697       0.52910611314433342     
 -0.77401478042741745       0.62072736442049892       0.12489459285561864     
 -0.15298493302946103       0.21197061336429257      -0.96522747027601274     
 -0.92652563869853521       0.21393903619316629       0.30948397352431140     
   1.0474959059132018E-002  0.51110287928591325       0.85945571265297827     
   8.1461316740222819E-002  0.82119074702132666       0.56480953497620789     
  0.30481106928750484        3.2345316439616273E-002 -0.95186343166034915     
 -0.55413527683689312       0.79719525110434619       0.23961182591755301     
  0.20769051867285354      -0.95250838072721966       0.22269358620922541     
 -0.93670246762606546       0.34999790404592601        9.4844454738680448E-003
 -0.81755351130135068       0.57184739374965587        6.7799815559466917E-002
 -0.82031366755493895       0.34074969590173726       0.45932029337471281     
 -0.12659930388325666       0.97892507040170729       0.16024457228315200     
 -0.39913158625764961       0.65402888091132128       0.64260423287061430     
  0.45596997923760851      -0.83981162672328935      -0.29463165159358756     
 -0.25834750658303829      -0.38687718747537159       0.88520201509697816     
  0.27491269024753506       -9.6238288504377628E-002  0.95664058276807173     
  0.53550007342666694       0.30006910671072523       0.78942903567210265     
  0.68086894025999845       0.39545542909254677      -0.61646775216758132     
 -0.78456245127449975       0.60254376734582371      -0.14629685252440391     
 -0.42177041667243609       0.75350840548495768       0.50431616955090575     
  0.34095383587050448       0.67211500448007011      -0.65727612331414265     
 -0.55353414347336172      -0.74561220087769720      -0.37102883635766093     
 -0.15696467140956560       0.61839045969613471       0.77003592864508208     
 -0.78672286797878366       -3.5713756004879318E-002 -0.61627238831303743     
  0.24041911789874917      -0.13884409051104699      -0.96068775693228936     
 -0.57279461663067488      -0.78611581673230302      -0.23222456651670279     
 -0.64104357474682727       0.41571060680512506       0.64517271097749074     
 -0.53541638972442773      -0.76355509323276494       0.36098879305997583     
 -0.92759752127319439        8.7494387883610567E-002 -0.36319081860027969     
  -7.9980580792336942E-002 -0.95838506110102417       0.27404594735401377     
  0.91552153706717543       0.37671506179411485      -0.14108889737892827     
 -0.61642665061253921      -0.78722639813357742       -1.7110870967966166E-002
 -0.32249351325555303       0.93505701961419219      -0.14719478368999012     
 -0.90536070148100400      -0.22588797531659374      -0.35957839558592614     
 -0.70195919249529037      -0.59524054168173002      -0.39107798340096694     
  0.34349352626744112       0.52169716042447223      -0.78092526530979012     
 -0.12305653569244093       0.80711948662441779      -0.57742118376057716     
 -0.47117503646975234      -0.87219767311261820       0.13139750197091321     
  0.14829096940243688        1.3849304483895803E-002 -0.98884679559398569     
 -0.15465452585608083       0.61746433840708292       0.77124559547787630     
 -0.64478316398217983       0.53806003835393135       0.54290520995306502     
 -0.76258773091818288       0.12588822298806082       0.63451722441779679     
 -0.23493286162109672       0.55933255813279703      -0.79495511829484655     
 -0.49941942123387217      -0.86186609458819530       -8.8131017068543885E-002
  0.16402462633179837       0.33822281058763348      -0.92666134714217618     
 -0.67568069361563377      -0.69933955531639524       0.23319473851163930     
 -0.60843470110041331       0.63690325667221592      -0.47345692159804437     
 -0.28787761288212282      -0.17405571594410263      -0.94171709535691350     
 -0.98135093644992277        3.9774132816715074E-002  0.18806477058467758     
 -0.93824135042296297       0.15710974764128396       0.30825264918909073     
 -0.77387275851055415       0.30923620823356829       0.55271504542938987     
 -0.36522526340502820      -0.34851312299933940      -0.86322019781338133     
   1.9642573130590899E-002  0.60522549034017337       0.79581170835118342     
   4.8437977198298718E-002 -0.14388338487428079      -0.98840848535944026     
 -0.86296438256982877        8.4260364294494614E-002  0.49818938719464373     
 -0.25035793599773898       -6.7754703452620468E-002  0.96577958356052274     
  0.48496744216218240      -0.82537602381655306       0.28906919558976124     
  0.26347132018826941       0.45569014941296643       0.85025252191336242     
  0.38448836078502069      -0.86129131150846694       0.33218365032637881     
 -0.86228267335081965       0.24727634245983232      -0.44195361969138941     
 -0.59544287029608511       0.53542698759209995      -0.59897055817449885     
 -0.72906753341888353       0.67774771548217472        9.5491185325876568E-002
  0.36097345578492857       0.80980979773325412      -0.46250000579234735     
 -0.47275845326883909       -4.0453631654976036E-002 -0.88026299963448251     
   2.8859501342069497E-002  0.23525759143209463       0.97150450068313576     
   2.2203990345686275E-002  0.59894121019393654       0.80048510887333590     
  0.54359370848011379       0.74626997292356279      -0.38417054431524966     
  -4.1538751394200732E-003 -0.97974122698854405       0.20022455757312169     
 -0.63670549790100095       -5.8474545686603464E-002  0.76888675135161044     
   1.1766912456919045E-002 -0.99991839046333986       -4.9751581646843559E-003
 -0.79886063430600385       0.21897221579212442      -0.56024356835249223     
  0.16343580847920938       0.53499566186756331      -0.82889587897585226     
  0.90463021510410357      -0.38320727459077536       0.18653782201896907     
 -0.33800674425287330      -0.38980909494152288      -0.85662145092216457     
  0.42376611383364671      -0.69290944106877739      -0.58335134147584056     
   1.2737060433219531E-002 -0.86565463109949625       0.50047959694771071     
  0.99999926465721645        7.2168265128446155E-004  -9.7460674030332259E-004
 -0.71981507331263617      -0.58292861881080127      -0.37690912046841168     
  0.48857552042927432       -3.1546931658439206E-002 -0.87195111787241963     
  0.36185848069873994      -0.32232542051034763      -0.87473696811170609     
  0.10150394389769951      -0.58334776740691896       0.80585503144590820     
 -0.69617238823602123      -0.69643907013495010      -0.17411670470372068     
  0.15553797236658118      -0.88158159832595084       0.44567008516630341     
  0.97760414635285486        4.8214015570259221E-002 -0.20485492837345196     
 -0.15444419527146755      -0.93209596015367646       0.32763411213857624     
 -0.92048690448853043      -0.30206517894796969       0.24791225462579164     
 -0.31084079890216521      -0.86929664537047957       0.38431932004054437     
 -0.40170993136069721      -0.86084449628012127      -0.31237138769305273     
  0.66014182894021789        6.9316263699050362E-002 -0.74793584030619387     
 -0.65125405889538701      -0.74196780038304055       0.15922290469207429     
  -2.3610650195866330E-002  0.12315308912313695      -0.99210677542303805     
 -0.42218251490224590       0.77293670639450185      -0.47363569588475030     
 -0.47993722232415459      -0.26984642829648603       0.83477132653540476     
 -0.34572993564916982      -0.93790933864303050        2.8229128348672493E-002
 -0.94905680593068176       0.24532366285833251      -0.19775611202176060     
 -0.64122725647234180       -5.4163867093827152E-002  0.76543705228848791     
  0.60273663427089763      -0.17017433994568654       0.77958273701818204     
  0.61642945884141187      -0.69508903496916874       0.36995399208538560     
  0.32887150072395843       0.28530834829753493       0.90024590101207580     
 -0.53448645349287194      -0.79017236374991784      -0.29991976607779885     
 -0.74156046890075433       0.64137841452503797      -0.19677855809070308     
 -0.33020889570848050       0.21789662353573044      -0.91841338553744012     
 -0.61880647409434542      -0.78390120474519032        5.0768575193993595E-002
 -0.58961617665504173      -0.80710461678288270        3.0576154351338831E-002
  -3.5648718539707927E-002 -0.38333070434898614      -0.92292293283521010     
 -0.88319102441315600       0.36094031137491617      -0.29949241460984255     
 -0.73084295583943615       0.41302039028575277      -0.54339923764731712     
