   0.0000000000000000        0.0000000000000000        1.0000000000000000     
 -0.67738371893261218       0.70885740392133345       0.19665319129416467     
 -0.61471831926069653       0.66976343425118723       0.41657931970270284     
  0.32584278376370068       0.69399396700307214       0.64202714452572041     
 -0.99145448921212020      -0.11557043732443401        6.0510081617120778E-002
 -0.83322287293829922       0.47177931168459764       0.28838156078385957     
  0.13797635575904241      -0.24565877145203394       0.95948647370291607     
 -0.74703138866475260        9.6315688242700592E-002  0.65777457571748221     
 -0.90444965101682928      -0.15515936248590109       0.39736180135915833     
 -0.79925243509826838       0.56576399785034259       0.20274773284850142     
 -0.61243121229511377      -0.34065264472194751       0.71336090873045155     
  0.21115996612309831       0.97050786708888370      -0.11630111295702908     
  0.12899458900616492       0.94549488056894038       0.29899803841092992     
  0.78449766865752468      -0.52626002843946973       0.32804540819074701     
 -0.66930439429712618       0.44551099488786794      -0.59460203568896453     
 -0.82232975477576409       -3.1824158512443627E-002  0.56812058348317762     
 -0.81638546839566195      -0.56492501180680232      -0.11989369703669761     
 -0.62932952275875642       0.73173178902298652       0.26174976629722935     
  0.81190008961111060      -0.34715094042440470       0.46936602849875148     
 -0.17864725007008811      -0.98009972811541846        8.6542955829491258E-002
   8.7419880028620459E-002  0.86487023659075934      -0.49432503328002575     
 -0.84601664933607368      -0.24547447520270108      -0.47328438736454959     
 -0.69412672505794681       0.48807456476515731       0.52912315048299530     
 -0.77401478042741745       0.62072300345601161       0.12491626025202719     
 -0.15298493302946103       0.21200430584359425      -0.96522007051773040     
 -0.92652563869853521       0.21392823190587240       0.30949144121689748     
   1.0474959059132018E-002  0.51107287832339054       0.85947355298547357     
   8.1461316740222819E-002  0.82117103104818434       0.56483819959672954     
  0.30481106928750484        3.2378543092906054E-002 -0.95186230201589628     
 -0.55413527683689312       0.79718688591326969       0.23963965313536481     
  0.20769051867285354      -0.95251615336659134       0.22266033725879109     
 -0.93670246762606546       0.34999757162237632        9.4966626996613266E-003
 -0.81755351130135068       0.57184502574562390        6.7819776757807079E-002
 -0.82031366755493895       0.34073366139229416       0.45933218750308913     
 -0.12659930388325666       0.97891947606035423       0.16027874311671267     
 -0.39913158625764961       0.65400644890751813       0.64262706239384038     
  0.45596997923760851      -0.83980134107157300      -0.29466096637001987     
 -0.25834750658303829      -0.38690808693368062       0.88518850999624310     
  0.27491269024753506       -9.6271681166785028E-002  0.95663722283525976     
  0.53550007342666694       0.30004155090830059       0.78943950957894915     
  0.68086894025999845       0.39547694846478193      -0.61645394779343932     
 -0.78456245127449975       0.60254887274681213      -0.14627581969005340     
 -0.42177041667243609       0.75349080055701689       0.50434247164886270     
  0.34095383587050448       0.67213794775068236      -0.65725266167415852     
 -0.55353414347336172      -0.74559924974792036      -0.37105486290730461     
 -0.15696467140956560       0.61836357980363288       0.77005751407509770     
 -0.78672286797878366       -3.5692244976679721E-002 -0.61627363458285966     
  0.24041911789874917      -0.13881055580481891      -0.96069260292004865     
 -0.57279461663067488      -0.78610771078435038      -0.23225200699382134     
 -0.64104357474682727       0.41568808499511367       0.64518722162205200     
 -0.53541638972442773      -0.76356769430560412       0.36096213973926455     
 -0.92759752127319439        8.7507064451862224E-002 -0.36318776424874222     
  -7.9980580792336942E-002 -0.95839462662270136       0.27401249323744459     
  0.91552153706717543       0.37671998761111991      -0.14107574745662288     
 -0.61642665061253921      -0.78722580112258411       -1.7138350342744517E-002
 -0.32249351325555303       0.93506215671902038      -0.14716214395297494     
 -0.90536070148100400      -0.22587542462768964      -0.35958628034469114     
 -0.70195919249529037      -0.59522689097706116      -0.39109876097729407     
  0.34349352626744112       0.52172441995910379      -0.78090705416773531     
 -0.12305653569244093       0.80713964178447251      -0.57739300962382023     
 -0.47117503646975234      -0.87220225979311494       0.13136705644862789     
  0.14829096940243688        1.3883821920780923E-002 -0.98884631155961822     
 -0.15465452585608083       0.61743741629262050       0.77126714857942358     
 -0.64478316398217983       0.53804108627404479       0.54292399146076475     
 -0.76258773091818288       0.12586607315325030       0.63452161835916820     
 -0.23493286162109672       0.55936030667434800      -0.79493559342104703     
 -0.49941942123387217      -0.86186301831847012       -8.8161101816961338E-002
  0.16402462633179837       0.33825515716441656      -0.92664954037432767     
 -0.67568069361563377      -0.69934769574514144       0.23317032681391497     
 -0.60843470110041331       0.63691978230752344      -0.47343468919193771     
 -0.28787761288212282      -0.17402284406079338      -0.94172317047383813     
 -0.98135093644992277        3.9767566898491674E-002  0.18806615884922956     
 -0.93824135042296297       0.15709898635567263       0.30825813316603473     
 -0.77387275851055415       0.30921691370802790       0.55272583947263154     
 -0.36522526340502820      -0.34848299116256581      -0.86323236269044079     
   1.9642573130590899E-002  0.60519771092631880       0.79583283422137729     
   4.8437977198298718E-002 -0.14384888276281391      -0.98841350723487220     
 -0.86296438256982877        8.4242973102045968E-002  0.49819232813268038     
 -0.25035793599773898       -6.7788415783363892E-002  0.96577721788681492     
  0.48496744216218240      -0.82538611314156185       0.28904038435531870     
  0.26347132018826941       0.45566047004426208       0.85026842798230395     
  0.38448836078502069      -0.86130290591233771       0.33215358538562428     
 -0.86228267335081965       0.24729176835069172      -0.44194498784948483     
 -0.59544287029608511       0.53544789455747688      -0.59895186788193788     
 -0.72906753341888353       0.67774438091023015        9.5514843125931378E-002
  0.36097345578492857       0.80982594197525337      -0.46247173781602074     
 -0.47275845326883909       -4.0422905230826423E-002 -0.88026441119633814     
   2.8859501342069497E-002  0.23522367941947042       0.97151271213037682     
   2.2203990345686275E-002  0.59891326765457731       0.80050601537792343     
  0.54359370848011379       0.74628338321266174      -0.38414449434493658     
  -4.1538751394200732E-003 -0.97974821555225045       0.20019035803070862     
 -0.63670549790100095       -5.8501385637109223E-002  0.76888470973646439     
   1.1766912456919045E-002 -0.99991821617404353       -5.0100618979543919E-003
 -0.79886063430600385       0.21899177087561203      -0.56023592443892367     
  0.16343580847920938       0.53502459566512273      -0.82887720359930483     
  0.90463021510410357      -0.38321378465399530       0.18652444544803543     
 -0.33800674425287330      -0.38977919338616301      -0.85663505730459888     
  0.42376611383364671      -0.69288907732737737      -0.58337552822274363     
   1.2737060433219531E-002 -0.86567210059019539       0.50044937959583025     
  0.99999926465721645        7.2171788883727838E-004  -9.7458154821148508E-004
 -0.71981507331263617      -0.58291546272199668      -0.37692946828618895     
  0.48857552042927432       -3.1516494208410337E-002 -0.87195221853683813     
  0.36185848069873994      -0.32229488579296417      -0.87474821885847054     
  0.10150394389769951      -0.58337589657507372       0.80583466827652106     
 -0.69617238823602123      -0.69643299273889947      -0.17414101490726455     
  0.15553797236658118      -0.88159715442016140       0.44563931189178235     
  0.97760414635285486        4.8221167517384540E-002 -0.20485324526199314     
 -0.15444419527146755      -0.93210739636188134       0.32760157565209486     
 -0.92048690448853043      -0.30207383365510188       0.24790171041088732     
 -0.31084079890216521      -0.86931006049443238       0.38428897562914510     
 -0.40170993136069721      -0.86083359242646773      -0.31240143664434483     
  0.66014182894021789        6.9342372346734266E-002 -0.74793342025645970     
 -0.65125405889538701      -0.74197335865196368       0.15919700503295642     
  -2.3610650195866330E-002  0.12318772007885158      -0.99210247596483769     
 -0.42218251490224590       0.77295323841415087      -0.47360871501535362     
 -0.47993722232415459      -0.26987556773282878       0.83476190660953342     
 -0.34572993564916982      -0.93791032387512197        2.8196389119404502E-002
 -0.94905680593068176       0.24533056454364693      -0.19774754849000795     
 -0.64122725647234180       -5.4190586635252121E-002  0.76543516114651200     
  0.60273663427089763      -0.17020155167908080       0.77957679633818189     
  0.61642945884141187      -0.69510194762548339       0.36992972867552010     
  0.32887150072395843       0.28527692401413995       0.90025585960373600     
 -0.53448645349287194      -0.79016189474460385      -0.29994734811387763     
 -0.74156046890075433       0.64138528209868173      -0.19675616964068329     
 -0.33020889570848050       0.21792868167576976      -0.91840577895090458     
 -0.61880647409434542      -0.78390297717877910        5.0741211849006360E-002
 -0.58961617665504173      -0.80710568431833252        3.0547981066779289E-002
  -3.5648718539707927E-002 -0.38329848807104666      -0.92293631303875301     
 -0.88319102441315600       0.36095076433689927      -0.29947981523373701     
 -0.73084295583943615       0.41303935735578967      -0.54338482018490986     
