   0.0000000000000000        0.0000000000000000        1.0000000000000000     
 -0.67738028868508160       0.70886770092403106       0.19662789138965772     
 -0.61471105268426107       0.66978524649814664       0.41655497330197833     
  0.32585398283504202       0.69402758191918468       0.64198512220342852     
 -0.99145343350607162      -0.11556726705446087        6.0533427418632858E-002
 -0.83321784251225028       0.47179441218313845       0.28837139253177330     
  0.13799309281197605      -0.24560853277310182       0.95949692808602005     
 -0.74701991455467309        9.6350130471485593E-002  0.65778256263334278     
 -0.90444271936988929      -0.15513855480580938       0.39738570183220573     
 -0.79924889847724601       0.56577461438125654       0.20273205112987303     
 -0.61241876844087451      -0.34061529164646254       0.71338942724426957     
  0.21115793707317887       0.97050177586077846      -0.11635561186513831     
  0.12899980433230349       0.94551053453790712       0.29894628181587102     
  0.78450339102576372      -0.52624285273373750       0.32805927805581475     
 -0.66931476639352039       0.44547986221003744      -0.59461368653608804     
 -0.82231984451302176       -3.1794410242510861E-002  0.56813659340474731     
 -0.81638755948976394      -0.56493128716041396      -0.11984987666233302     
 -0.62932495700004099       0.73174549435524106       0.26172243035035686     
  0.81190827707588187      -0.34712636548387926       0.46937004201893862     
 -0.17864574011471346      -0.98009519506701781        8.6597389869357735E-002
   8.7411256891885780E-002  0.86484435244733426      -0.49437184195347100     
 -0.84602490496592619      -0.24549925443333789      -0.47325677596538696     
 -0.69411749523271504       0.48810227018742069       0.52910970229464072     
 -0.77401260149622575       0.62072954461911622       0.12489726076692262     
 -0.15300177008503735       0.21195376702778423      -0.96522850094320967     
 -0.92652023994525834       0.21394443823905973       0.30949640152954766     
   1.0489951305177500E-002  0.51111787953364052       0.85944660924115635     
   8.1471169348830100E-002  0.82120060463267586       0.56479378133473424     
  0.30479446522594095        3.2328703098189436E-002 -0.95186931293723798     
 -0.55413109679184036       0.79719943333562560       0.23960757833505780     
  0.20769440295251873      -0.95250449397230730       0.22270658765666282     
 -0.93670230193312698       0.34999807009777772        9.4946764168206219E-003
 -0.81755232832287672       0.57184857749037998        6.7804096081363480E-002
 -0.82030565507863074       0.34075771300076257       0.45932865534048556     
 -0.12659650830689240       0.97892786712508773       0.16022969512967689     
 -0.39912037659904503       0.65404009661438167       0.64259978005129392     
  0.45596483944490013      -0.83981676916541648      -0.29462494783176579     
 -0.25833206545857557      -0.38686173756944042       0.88521327364593017     
  0.27492937753266206       -9.6221592129197578E-002  0.95663746665591776     
  0.53551384400387980       0.30008288447483028       0.78941445713248326     
  0.68085818679510834       0.39544466922573368      -0.61648653085621163     
 -0.78456500293084941       0.60254121437001096      -0.14629368317643660     
 -0.42176161923630179       0.75351720760463181       0.50431037543352653     
  0.34094237069236499       0.67210353253765531      -0.65729380123199699     
 -0.55354061573376845      -0.74561867610189703      -0.37100616717046736     
 -0.15695123891772797       0.61840389935982887       0.77002787350650004     
 -0.78673361794379237       -3.5724511502662211E-002 -0.61625804144105145     
  0.24040235986593525      -0.13886085780072205      -0.96068952715348166     
 -0.57279866763972709      -0.78611986934708300      -0.23220085447629776     
 -0.64103232032019919       0.41572186752018336       0.64517663743733644     
 -0.53541009289336761      -0.76354879234745621       0.36101145914610161     
 -0.92760385649898058        8.7488049559505274E-002 -0.36317616481720855     
  -7.9975800695248095E-002 -0.95838027790227365       0.27406406940307310     
  0.91551907592945303       0.37671259871348101      -0.14111144234188272     
 -0.61642694923541430      -0.78722669627936970       -1.7086378505415303E-002
 -0.32249608054421530       0.93505445063452586      -0.14720547798711664     
 -0.90536697379154063      -0.22589425055783260      -0.35955866014242466     
 -0.70196601441874429      -0.59524736676208445      -0.39105534960543553     
  0.34347990414394658       0.52168353041877724      -0.78094036220497620     
 -0.12306660779286341       0.80710940867559489      -0.57743312391536206     
 -0.47117274460432701      -0.87219537937383951       0.13142094369044199     
  0.14827372023215948        1.3832045759122504E-002 -0.98884962375283780     
 -0.15464107226380508       0.61747779918218049       0.77123751620529379     
 -0.64477369344186697       0.53806951414802240       0.54290706627591867     
 -0.76257666243246514       0.12589929784794618       0.63452832941615311     
 -0.23494672837774927       0.55931868360644565      -0.79496078214801502     
 -0.49942095875176062      -0.86186763232924890       -8.8107262915522386E-002
  0.16400846200250965       0.33820663714469662      -0.92667011115892284     
 -0.67567662594548961      -0.69933548478247487       0.23321873059326173     
 -0.60844295965687767       0.63689499356354329      -0.47345742415723135     
 -0.28789403992665430      -0.17407215180622918      -0.94170903557268770     
 -0.98134765574210392        3.9777415757653423E-002  0.18808119473421431     
 -0.93823597316406404       0.15711512821230289       0.30826627341831975     
 -0.77386311690038934       0.30924585535504184       0.55272314727932403     
 -0.36524032121417016      -0.34852818875848374      -0.86320774396728639     
   1.9656455216652175E-002  0.60523937977055930       0.79580080229211703     
   4.8420735640945851E-002 -0.14390063586427276      -0.98840681875750458     
 -0.86295569214410817        8.4269059852219497E-002  0.49820296971841382     
 -0.25034108920598963       -6.7737847256287287E-002  0.96578513297916391     
  0.48497248427492640      -0.82537097877691201       0.28907514140188206     
  0.26348615184120766       0.45570498888910405       0.85023997244500304     
  0.38449415497795303      -0.86128551391298402       0.33219197569286329     
 -0.86229038245297573       0.24726862940141439      -0.44194289393848074     
 -0.59545331830828818       0.53541653386475918      -0.59896951622613015     
 -0.72906586738154144       0.67774938245846672        9.5492074006741937E-002
  0.36096538826282720       0.80980172524222993      -0.46252043621335404     
 -0.47277380825744186       -4.0468994848568862E-002 -0.88025404665836104     
   2.8876448047356687E-002  0.23527454733091396       0.97149989095116696     
   2.2217953950865316E-002  0.59895518118994628       0.80047426781361963     
  0.54358700726691356       0.74626326743802196      -0.38419305135479370     
  -4.1503827789259734E-003 -0.97973773225902083       0.20024172968137177     
 -0.63669208558815638       -5.8461125684629987E-002  0.76889887819383640     
   1.1766825365511510E-002 -0.99991847715109905       -4.9579115535489937E-003
 -0.79887040684141175       0.21896243815032498      -0.56023345487871590     
  0.16342134960191754       0.53498119472432792      -0.82890806708533349     
  0.90463346876056949      -0.38320401938406745       0.18652873008811222     
 -0.33802168697213386      -0.38982404554109112      -0.85660875111922241     
  0.42375593774942333      -0.69291962262287032      -0.58334663979820478     
   1.2745790386251645E-002 -0.86564589595860497       0.50049448313731726     
  0.99999924750454228        7.2166503217829477E-004  -9.9206302805162380E-004
 -0.71982164807215776      -0.58293519658884918      -0.37688639008806557     
  0.48856031028713925       -3.1562150369041336E-002 -0.87195908957644153     
  0.36184322189180601      -0.32234068772176266      -0.87473765435817674     
  0.10151800080221177      -0.58333370255629258       0.80586344193492787     
 -0.69617542558259260      -0.69644210851475463      -0.17409240567002990     
  0.15554574621207592      -0.88157381987602657       0.44568275837361404     
  0.97760057278983226        4.8210439574665767E-002 -0.20487282284286790     
 -0.15443848037890040      -0.93209024162367404       0.32765307426128576     
 -0.92048257993217941      -0.30206085145638145       0.24793358328438650     
 -0.31083409516663185      -0.86928993741129779       0.38433991422742225     
 -0.40171538047604632      -0.86084994781360669      -0.31234935571754541     
  0.66012878208862324        6.9303209343533997E-002 -0.74794856519492237     
 -0.65125128158479517      -0.74196502090955396       0.15924721470843509     
  -2.3627956172839738E-002  0.12313577358900513      -0.99210851269066103     
 -0.42219077656411741       0.77292844003150118      -0.47364182160369095     
 -0.47992266082841034      -0.26983185845501251       0.83478440787329788     
 -0.34572944346152523      -0.93790884559842935        2.8251528757182655E-002
 -0.94906025531091021       0.24532021190358000      -0.19774383860012762     
 -0.64121390433303027       -5.4150507298363744E-002  0.76544918277245289     
  0.60275023293878505      -0.17016073400123025       0.77957519292325217     
  0.61643591190436142      -0.69508257832340603       0.36995537075129692     
  0.32888720438483787       0.28532406030886992       0.90023518443044714     
 -0.53449168536408809      -0.79017759789152531      -0.29989665145298416     
 -0.74156390113981019       0.64137498044515295      -0.19677681663372473     
 -0.33022491612419896       0.21788059436614571      -0.91841142820473098     
 -0.61880558864680202      -0.78390031817021089        5.0793051113244718E-002
 -0.58961564344963879      -0.80710408264637046        3.0600526065734171E-002
  -3.5664817846498213E-002 -0.38334681231280449      -0.92291562032557395     
 -0.88319624842627042       0.36093508472900071      -0.29948330799169470     
 -0.73085243449857629       0.41301090656201306      -0.54339369743854971     
