   0.0000000000000000        0.0000000000000000        1.0000000000000000     
 -0.67737342757168217       0.70886770092403106       0.19665152331402400     
 -0.61469651897026711       0.66978524649814664       0.41657641872515744     
  0.32587638068024583       0.69402758191918468       0.64197375361113529     
 -0.99145132118892998      -0.11556726705446087        6.0568016624498205E-002
 -0.83320778089956105       0.47179441218313845       0.28840046116898899     
  0.13802656679184122      -0.24560853277310182       0.95949211328046458     
 -0.74699696565262208        9.6350130471485593E-002  0.65780862382327809     
 -0.90442885525040473      -0.15513855480580938       0.39741725525459298     
 -0.79924182450561543       0.56577461438125654       0.20275993473071677     
 -0.61239388017337637      -0.34061529164646254       0.71341079251496609     
  0.21115387878058903       0.97050177586077846      -0.11636297854793200     
  0.12901023486681235       0.94551053453790712       0.29894178116482362     
  0.78451483504609665      -0.52624285273373750       0.32803190856451692     
 -0.66933550997530378       0.44547986221003744      -0.59459033551537899     
 -0.82230002323690421       -3.1794410242510861E-002  0.56816528166879077     
 -0.81639174093272515      -0.56493128716041396      -0.11982139494165467     
 -0.62931582490814131       0.73174549435524106       0.26174438570903602     
  0.81192465126425761      -0.34712636548387926       0.46934171635613697     
 -0.17864272004089077      -0.98009519506701781        8.6603622303907293E-002
   8.7394010538641334E-002  0.86484435244733426      -0.49437489120501332     
 -0.84604141545332101      -0.24549925443333789      -0.47322726005941307     
 -0.69409903494864689       0.48810227018742069       0.52913391793446629     
 -0.77400824292729042       0.62072954461911622       0.12492426398608623     
 -0.15303544405648709       0.21195376702778423      -0.96522316252028373     
 -0.92650944159294324       0.21394443823905973       0.30952872523293157     
   1.0519935787661147E-002  0.51111787953364052       0.85944624275088077     
   8.1490874491653070E-002  0.82120060463267586       0.56479093867289221     
  0.30476125682461702        3.2328703098189436E-002 -0.95187994584752100     
 -0.55412273619590569       0.79719943333562560       0.23962691038814279     
  0.20770217132224739      -0.95250449397230730       0.22269934160130422     
 -0.93670196969218311       0.34999807009777772        9.5273555285464075E-003
 -0.81754996161962978       0.57184857749037998        6.7832618323586058E-002
 -0.82028962937721650       0.34075771300076257       0.45935727340088478     
 -0.12659091703860628       0.97892786712508773       0.16023411165647022     
 -0.39909795691752303       0.65404009661438167       0.64261370393654260     
  0.45595455944326724      -0.83981676916541648      -0.29464085508487314     
 -0.25830118297386456      -0.38686173756944042       0.88522228564398231     
  0.27496275185191205       -9.6221592129197578E-002  0.95662787449975295     
  0.53554138466943346       0.30008288447483028       0.78939577396088367     
  0.68083667924383040       0.39544466922573368      -0.61651028385994810     
 -0.78457010552735429       0.60254121437001096      -0.14626631164627688     
 -0.42174402397904731       0.75351720760463181       0.50432508929725228     
  0.34091944002488145       0.67210353253765531      -0.65730569542837070     
 -0.55355355974926945      -0.74561867610189703      -0.37098685534610593     
 -0.15692437379080829       0.61840389935982887       0.77003334866013939     
 -0.78675511715561830       -3.5724511502662211E-002 -0.61623059396751234     
  0.24036884358089172      -0.13886085780072205      -0.96069791358459533     
 -0.57280676913494455      -0.78611986934708300      -0.23218087087284972     
 -0.64100981088180120       0.41572186752018336       0.64519900100225258     
 -0.53539749874251219      -0.76354879234745621       0.36103013799799377     
 -0.92761652610377776        8.7488049559505274E-002 -0.36314380289988124     
  -7.9966240428074653E-002 -0.95838027790227365       0.27406685938487824     
  0.91551415281828308       0.37671259871348101      -0.14114338234563001     
 -0.61642754591845916      -0.78722669627936970       -1.7064872955118986E-002
 -0.32250121482714433       0.93505445063452586      -0.14719422684447889     
 -0.90537951758613777      -0.22589425055783260      -0.35952707401454231     
 -0.70197965762484882      -0.59524736676208445      -0.39103085959109718     
  0.34345265958344096       0.52168353041877724      -0.78095234485407028     
 -0.12308675188134598       0.80710940867559489      -0.57742883008873624     
 -0.47116816044337184      -0.87219537937383951       0.13143738160733279     
  0.14823922175628956        1.3832045759122504E-002 -0.98885479603716864     
 -0.15461416493811803       0.61747779918218049       0.77124291076246521     
 -0.64475475177268027       0.53806951414802240       0.54292956042988905     
 -0.76255452476493557       0.12589929784794618       0.63455493335488533     
 -0.23497446167655434       0.55931868360644565      -0.79495258498133581     
 -0.49942403333163848      -0.86186763232924890       -8.8089839357998023E-002
  0.16397613319425142       0.33820663714469662      -0.92667583242549256     
 -0.67566848998841933      -0.69933548478247487       0.23324230305900903     
 -0.60845947621437246       0.63689499356354329      -0.47343619686995358     
 -0.28792689375287894      -0.17407215180622918      -0.94169899112210598     
 -0.98134109343065101        3.9777415757653423E-002  0.18811543129804018     
 -0.93822521778980994       0.15711512821230289       0.30829900585404496     
 -0.77384383297366000       0.30924585535504184       0.55275014502300368     
 -0.36527043649901325      -0.34852818875848374      -0.86319500115302583     
   1.9684219370802107E-002  0.60523937977055930       0.79580011604498946     
   4.8386252482075641E-002 -0.14390063586427276      -0.98840850743006115     
 -0.86293831050493741        8.4269059852219497E-002  0.49823307570450220     
 -0.25030739539400287       -6.7737847256287287E-002  0.96579386614370899     
  0.48498256805769729      -0.82537097877691201       0.28905822179194823     
  0.26351581490652987       0.45570498888910405       0.85023077957808590     
  0.38450574301282059      -0.86128551391298402       0.33217856148538860     
 -0.86230579987013090       0.24726862940141439      -0.44191281059118748     
 -0.59547421378911358       0.53541653386475918      -0.59894874203741488     
 -0.72906253464133386       0.67774938245846672        9.5517509168645848E-002
  0.36094925288913460       0.80980172524222993      -0.46253302907949190     
 -0.47280451780304406       -4.0468994848568862E-002 -0.88023755226885270     
   2.8910341431535546E-002  0.23527454733091396       0.97149888293545017     
   2.2245881140912357E-002  0.59895518118994628       0.80047349219959085     
  0.54357360434431445       0.74626326743802196      -0.38421201546394451     
  -4.1433980541564592E-003 -0.97973773225902083       0.20024187435563914     
 -0.63666526038129190       -5.8461125684629987E-002  0.76892109026391975     
   1.1766651171955295E-002 -0.99991847715109905       -4.9583220645746775E-003
 -0.79888995118295936       0.21896243815032498      -0.56020558401814313     
  0.16339243169818529       0.53498119472432792      -0.82891376792857074     
  0.90463997524770101      -0.38320401938406745       0.18649716965563390     
 -0.33805157210206077      -0.38982404554109112      -0.85659695789663681     
  0.42373558519417293      -0.69291962262287032      -0.58336142319044126     
   1.2763250280662506E-002 -0.86564589595860497       0.50049403816513338     
  0.99999921228634614        7.2166503217829477E-004  -1.0269504114684466E-003
 -0.71983479693409902      -0.58293519658884918      -0.37686127714553325     
  0.48852988955691939       -3.1562150369041336E-002 -0.87197613364978466     
  0.36181270394766224      -0.32234068772176266      -0.87475027759877122     
  0.10154611451853607      -0.58333370255629258       0.80585989974437533     
 -0.69618149964022624      -0.69644210851475463      -0.17406811780637405     
  0.15556129376105934      -0.88157381987602657       0.44567733151414118     
  0.97759342477139322        4.8210439574665767E-002 -0.20490692867045657     
 -0.15442705045279917      -0.93209024162367404       0.32765846202053406     
 -0.92047392997922506      -0.30206085145638145       0.24796569638692442     
 -0.31082068741183483      -0.86928993741129779       0.38435075819014963     
 -0.40172627834002772      -0.86084994781360669      -0.31233534071815033     
  0.66010268778286363        6.9303209343533997E-002 -0.74797159492340182     
 -0.65124572636912370      -0.74196502090955396       0.15926993508219003     
  -2.3662568105181345E-002  0.12313577358900513      -0.99210768776869951     
 -0.42220729950244673       0.77292844003150118      -0.47362709217262966     
 -0.47989353739885554      -0.26983185845501251       0.83480115062405014     
 -0.34572845877063846      -0.93790884559842935        2.8263590344947222E-002
 -0.94906715320501145       0.24532021190358000      -0.19771072822529173     
 -0.64118719946910385       -5.4150507298363744E-002  0.76547155259918120     
  0.60277742972431125      -0.17016073400123025       0.77955416405416433     
  0.61644881746753433      -0.69508257832340603       0.36993386467360384     
  0.32891861140633943       0.28532406030886992       0.90022370985975586     
 -0.53450214861859946      -0.79017759789152531      -0.29987800423974570     
 -0.74157076494097895       0.64137498044515295      -0.19675094526992390     
 -0.33025695665415666       0.21788059436614571      -0.91839990695369067     
 -0.61880381718684119      -0.78390031817021089        5.0814639606800910E-002
 -0.58961457650060445      -0.80710408264637046        3.0621096209985387E-002
  -3.5697016427488286E-002 -0.38334681231280449      -0.92291437551077848     
 -0.88320669564626375       0.36093508472900071      -0.29945249537957652     
 -0.73087139114967903       0.41301090656201306      -0.54336819955913629     
