   0.0000000000000000        0.0000000000000000        1.0000000000000000     
 -0.67737685823143834       0.70885397115523874       0.19668919520388967     
 -0.61470378592078445       0.66975616309415464       0.41661245489309429     
  0.32586518180722374       0.69398276160822470       0.64202788870606464     
 -0.99145237749834159      -0.11557149401068260        6.0542653765958854E-002
 -0.83321281183267082       0.47177427789765758       0.28841886365499420     
  0.13800982982290899      -0.24567551752868758       0.95947737178073311     
 -0.74700844021729618        9.6304207441088710E-002  0.65780231823342328     
 -0.90443578744774777      -0.15516629828473930       0.39739064692111664     
 -0.79924536161302828       0.56576045866201996       0.20278549098641260     
 -0.61240632440029530      -0.34066509553957680       0.71337632881637669     
  0.21115590795900910       0.97050989690698575      -0.11629154113519255     
  0.12900501961918595       0.94548966200325424       0.29901003989502645     
  0.78450911315528760      -0.52626575335410020       0.32800885387889384     
 -0.66932513828624629       0.44552137217572818      -0.59457090930582335     
 -0.82230993400006835       -3.1834074583036866E-002  0.56814871657009391     
 -0.81638965033545163      -0.56492291967809227      -0.11987507517219267     
 -0.62932039104983595       0.73172722013310332       0.26178449290430172     
  0.81191646429359743      -0.34715913185975339       0.46933164412317857     
 -0.17864423010498098      -0.98010123853444164        8.6532082336276475E-002
   8.7402633728559387E-002  0.86487886411166215      -0.49431298792387834     
 -0.84603316033834197      -0.24546621530960053      -0.47325915601232499     
 -0.69410826519628177       0.48806532932704705       0.52915588487239673     
 -0.77401042232951667       0.62072082269014317       0.12495409718834810     
 -0.15301860709404605       0.21202115198637733      -0.96521103236202566     
 -0.92651484091006098       0.21392282966447523       0.30952749881351144     
   1.0504943548020562E-002  0.51105787760860444       0.85948210679178272     
   8.1481021932640202E-002  0.82116117268639721       0.56484968933081081     
  0.30477786107164501        3.2395156404758867E-002 -0.95187237024829330     
 -0.55412691657817781       0.79718270295347526       0.23967289883370699     
  0.20769828716898334      -0.95252003925104822       0.22263646676196611     
 -0.93670213595516627       0.34999740525067835        9.5354504257315151E-003
 -0.81755114509563642       0.57184384148231693        6.7858279609494171E-002
 -0.82029764235272329       0.34072564398188127       0.45936675269733657     
 -0.12659371269200892       0.97891667844238339       0.16030024508460439     
 -0.39910916681900283       0.65399523260678205       0.64265240113815991     
  0.45595969951345300      -0.83979619786198689      -0.29469153105603835     
 -0.25831662425551766      -0.38692353648604905       0.88519076957815312     
  0.27494606473412109       -9.6288377454002219E-002  0.95662595085775093     
  0.53552761441813534       0.30002777286998933       0.78942606348048527     
  0.68084743312305240       0.39548770797019733      -0.61647079870358057     
 -0.78456755434846759       0.60255142517198645      -0.14623793176488906     
 -0.42175282167183886       0.75348199774875535       0.50437033663805664     
  0.34093090541049065       0.67214941907887293      -0.65725282515019767     
 -0.55354708782573769      -0.74559277384234712      -0.37104856441403972     
 -0.15693780637814217       0.61835013957483342       0.77007378206052490     
 -0.78674436766940381       -3.5681489446269567E-002 -0.61624681033768092     
  0.24038560175998275      -0.13879378838827616      -0.96070341249072355     
 -0.57280271847448372      -0.78610365745118038      -0.23224574366415976     
 -0.64102106569852380       0.41567682390016758       0.64521684060709228     
 -0.53540379589939568      -0.76357399449313057       0.36096749198552885     
 -0.92761019144250834        8.7513402696004758E-002 -0.36315387521071563     
  -7.9971020573827323E-002 -0.95839940894562514       0.27399855620250380     
  0.91551661451315558       0.37672245034748958      -0.14110111252060811     
 -0.61642724767072088      -0.78722550225738352       -1.7130584482444682E-002
 -0.32249864773474574       0.93506472484418046      -0.14713457296413174     
 -0.90537324582658529      -0.22586914918002829      -0.35955863665071891     
 -0.70197283612859707      -0.59522006535275096      -0.39108465981043100     
  0.34346628191594647       0.52173804948803215      -0.78090993136421250     
 -0.12307667985583177       0.80714971899569832      -0.57737462881636048     
 -0.47117045259553353      -0.87220455273483166       0.13136827162428641     
  0.14825647101677702        1.3901080632882231E-002 -0.98885124197671392     
 -0.15462761862448413       0.61742395495326385       0.77128331980433174     
 -0.64476422270536704       0.53803160998825506       0.54295587645092291     
 -0.76256559371471588       0.12585499817833184       0.63455041936480905     
 -0.23496059506290182       0.55937418068953915      -0.79491763393800352     
 -0.49942249611768269      -0.86186147978979943       -8.8158720647024250E-002
  0.16399229762332732       0.33827133029825290      -0.92664935839748597     
 -0.67567255806975146      -0.69935176563996504       0.23318169346615086     
 -0.60845121802819735       0.63692804483415300      -0.47340234577338758     
 -0.28791046688357302      -0.17400640803962067      -0.94171616372452271     
 -0.98134437473567993        3.9764283921208635E-002  0.18810108957385341     
 -0.93823059561967959       0.15709360564108349       0.30829360763698122     
 -0.77385347505475788       0.30920726630396683       0.55275823432175375     
 -0.36525537891216520      -0.34846792508494578      -0.86322570244561381     
   1.9670337296722590E-002  0.60518382094285883       0.79584271103003434     
   4.8403494068871476E-002 -0.14383163164134949      -0.98841770699502929     
 -0.86294700145581105        8.4234277467327506E-002  0.49822390466333671     
 -0.25032424233807760       -6.7805271917763893E-002  0.96578476836095606     
  0.48497752624009799      -0.82539115742692648       0.28900905917198105     
  0.26350098341396117       0.45564563015170445       0.85026718827879721     
  0.38449994905388635      -0.86130870272072224       0.33212513875812721     
 -0.86229809129274615       0.24729948118312853      -0.44191058864824950     
 -0.59546376613929763       0.53545834779550683      -0.59892174863775782     
 -0.72906420112235815       0.67774271331457847        9.5552107202357892E-002
  0.36095732063089586       0.80983401372622354      -0.46247019676411477     
 -0.47278916310217683       -4.0407542000278990E-002 -0.88024862272123938     
   2.8893394743845391E-002  0.23520672330567588       0.97151580998560361     
   2.2231917549274026E-002  0.59889929611123649       0.80051569313758475     
  0.54358030588831374       0.74629008801621588      -0.38415043352717421     
  -4.1468904171714314E-003 -0.97975170938643164       0.20017340296411321     
 -0.63667867308158665       -5.8514805585633343E-002  0.76890590111556933     
   1.1766738270523594E-002 -0.99991812857250661       -5.0279242763881333E-003
 -0.79888017913373033       0.21900154831729426      -0.56020423170651501     
  0.16340689067490946       0.53503906231943787      -0.82887356687995228     
  0.90463672214176860      -0.38321703951050534       0.18648619675836670     
 -0.33803662958852965      -0.38976424243038049      -0.85663006740313441     
  0.42374576153626536      -0.69287889514007672      -0.58340240507690500     
   1.2754520335399314E-002 -0.86568083493999815       0.50043382602358266     
  0.99999923004758551        7.2173550728391782E-004  -1.0094563357334165E-003
 -0.71982822261264545      -0.58290888441124400      -0.37691452930970815     
  0.48854509999635420       -3.1501275468992881E-002 -0.87196981307461496     
  0.36182796297478009      -0.32227961828700519      -0.87476646760509935     
  0.10153205767582396      -0.58338996089259365       0.80582094462346343     
 -0.69617846271732764      -0.69642995372265515      -0.17412888217179429     
  0.15555352001023531      -0.88160493206444301       0.44561849846261337     
  0.97759699892934504        4.8224743468914227E-002 -0.20488650956491877     
 -0.15443276543934426      -0.93211311404008046       0.32759069521776796     
 -0.92047825509574421      -0.30207816087064315       0.24792855144356379     
 -0.31082739133652171      -0.86931676765919941       0.38428464744443580     
 -0.40172082946915649      -0.86082814010630271      -0.31240244616797835     
  0.66011573503617171        6.9355426638893866E-002 -0.74795524007348968     
 -0.65124850407604074      -0.74197613744739865       0.15920677560128524     
  -2.3645262142611430E-002  0.12320503550042383      -0.99209950146421622     
 -0.42219903809751769       0.77296150407079389      -0.47358049522140022     
 -0.47990809918664390      -0.26989013732768924       0.83477393952393086     
 -0.34572895116868146      -0.93791081606261206        2.8192081096799434E-002
 -0.94906370440235344       0.24533401527420673      -0.19771015637927575     
 -0.64120055199861758       -5.4203946381205535E-002  0.76545658551832418     
  0.60276383142325618      -0.17021515746801044       0.77955279724730431     
  0.61644236477973557      -0.69510840363603132       0.36989609094897896     
  0.32890290794563154       0.28526121174208963       0.90024936446539194     
 -0.53449691707266389      -0.79015665988090045      -0.29994249196417117     
 -0.74156733315321832       0.64138871559243849      -0.19671910408169768     
 -0.33024093643942432       0.21794471064621451      -0.91839045454585921     
 -0.61880470301096724      -0.78390386303738779        5.0749118677754911E-002
 -0.58961511006482648      -0.80710621771726965        3.0554464573374220E-002
  -3.5680917142425016E-002 -0.38328237975693530      -0.92294175846568760     
 -0.88320147217063960       0.36095599065296380      -0.29944270297897141     
 -0.73086191293532399       0.41304884070208109      -0.54335211365668357     
